0 20
1 20
2 20
3 20
4 20
5 20
6 20
7 20
8 20
9 20
10 20
11 20
12 20
13 20
14 20
15 20
16 20
17 20
18 20
19 20
20 20
21 20
22 20
23 20
24 20
25 20
26 20
27 20
28 20
29 20
30 20
31 20
32 20
33 7
34 20
35 19
36 20
37 20
38 20
39 20
40 11 
41 12
42 16
43 2
44 20
45 6
46 5 
47 8 
48 1
49 1 
50 1 
51 1 
52 1
53 1
54 1 
55 1 
56 1
57 1 
58 15
59 21
60 17
61 3
62 18
63 20
64 20
65 0 
66 0 
67 0
68 0
69 0
70 0
71 0
72 0
73 0
74 0
75 0
76 0
77 0
78 0
79 0
80 0 
81 0
82 0
83 0
84 0
75 0
86 0
87 0
88 0
89 0
90 0
91 13
92 20
93 14
94 20
95 4
96 20
97 0 
98 0
99 0
100 0
101 0
102 0
103 0
104 0
105 0
106 0
107 0
108 0
109 0
110 0
111 0
112 0
113 0
114 0
115 0
116 0
117 0
118 0
119 0
1 0
121 0
122 0
123 9
124 20
125 10
126 20
127 20