88  88   1   1  88  88  88  88  88  88  88  88  88  88  88  88  88  88  88  88  88  88  88  88  88  88  77
88  77   2   2  88  88  88  88  88  88  88  88  88  88  88  88  88  88  88  88  88  88  88  88  88  88  88
88   4  88  88  88  88  88  88  88  88  88  88  88  88  88  88  88  88  88  88   3  88  88  88  88  88  88
88  77   5   5  88  88  88  88  88  88  88  88  88  88  88  88  88  88  88  88  77  88  88  88  88  88  88
88  88   6   6  77  77  77  77  77  77  77  88  88  88  88  88  88  88  88  88  88  88  77  88  88  88  88
88  88   7   8  88  88  88  88  77  88  88  88  88  88  88  88  88  88  88  88  88  88  88  88  88  88  88
88  88  88  88  77  88  88  88   9  88  88  88  88  88  88  88  88  88  88  88  88  88  88  88  88  88  88
88  88  88  88  11  88  88  88  88  88  88  88  88  88  88  88  88  88  88  88  10  88  88  88  88  88  88
88  88  17  17  18  12  13  15  14  16  77  88  88  88  88  88  88  88  88  88  88  88  77  88  88  88  88
88  88  77  77  77  19  77  77  77  77  77  88  88  88  88  88  88  88  88  88  88  88  77  88  88  88  88
88  88  88  88  20  88  88  88  21  88  88  88  88  88  88  88  88  88  88  88  88  88  77  88  88  88  88
88  22  88  88  88  88  88  88  23  88  88  88  88  88  88  88  88  88  88  88  88  88  77  88  88  88  88
88  88  88  88  88  88  88  24  88  88  88  88  88  88  88  88  88  88  88  88  88  88  88  88  88  88  88 
88  88  26  26  26  26  26  26  26  26  26  88  88  88  88  88  88  88  88  88  88  88  25  88  88  88  88
88  88  88  88  88  88  27  88  88  88  88  88  88  88  88  88  88  88  88  88  88  88  88  88  88  88  88
88  88  77  77  77  77  77  77  77  29  77  88  88  88  88  88  88  88  88  88  88  88  77  88  88  88  77
88  88  30  30  30  30  30  30  30  30  77  88  88  88  88  88  88  88  88  88  88  88  88  88  88  88  88
88  88  31  31  31  31  31  31  31  31  32  88  88  88  88  88  88  88  88  88  88  88  88  88  88  88  88
34  77  88  88  77  88  88  88  33  88  88  88  88  88  88  88  88  88  88  88  88  34  88  88  88  88  88
35  77  88  88  77  88  88  88  35  88  88  88  88  88  88  88  88  88  88  88  88  35  88  88  88  88  88
88  37  88  88  37  88  88  88  88  88  88  88  36  36  36  36  88  88  88  88  88  88  88  36  36  36  88
77  88  88  88  88  88  88  88  77  88  88  88  38  39  40  42  88  88  88  88  88  77  88  41  44  43  88
45  88  88  88  88  88  88  88  45  88  88  88  77  77  77  77  88  88  88  88  88  45  88  77  77  77  88
48  88  88  88  88  88  88  88  48  88  88  88  48  48  48  48  46  47  88  88  88  48  88  48  48  48  88
49  88  88  88  88  88  88  88  49  88  88  88  77  77  77  77  77  77  88  88  88  49  88  77  77  77  88
52  88  88  88  88  88  88  88  52  88  88  88  52  52  52  52  52  52  50  51  88  52  88  52  52  52  88
53  88  88  88  88  88  88  88  54  88  88  88  77  77  77  77  77  77  77  77  88  55  88  77  77  77  88
88  88  28  28  28  28  28  28  28  28  56  88  88  88  88  88  88  88  88  88  88  88  77  88  88  88  77
