-6  9  1 -2  2 -16  99
-4 -3  99 
21  -4 -3 99 
77  99 
-6  9  99 
-6 -7 5  99 
3 99 
4 99 
9 -8 99
21 1 99
77 99
-10 99
-15 99
-19 5 99
-13  99
-16  99
-5  99
5  99
6 1 -19 5 -11  99
5 -12  99
-19 5 -9 99
2 -9  99
-19 2 -9 99
8 1 -19 2 -9 -14  99 
23 -9 99
77  99
7 1 -19 2 -9  99
-17 11  99
10 -28  99
-9 -18 99
-9 -18  99
77 99
9 12 -19  99
-20  99
23 -21  99
-22 -23 -21 99
77 99
13  99
14  99
15 99
24  99
16  99
26  99
25  99
-25 -24 99
17 -25 -24  99
18 -25 -24  99
77  99
-27 -26  99
19 -27 -26  99
27 -27 -26  99
77  99
1 -19 2 99
9 99
22 99
11  99
